510
0
512
2
514
4
516
6
518
8
520
10
522
12
524
14
526
16
528
18
530
20
532
22
534
24
536
26
538
28
540
30
542
32
544
34
546
36
548
38
550
40
552
42
554
44
556
46
558
48
560
50
562
52
564
54
566
56
568
58
570
60
572
62
574
64
576
66
578
68
580
70
582
72
584
74
586
76
588
78
590
80
592
82
594
84
596
86
598
88
600
90
602
92
604
94
606
96
608
98
610
100
612
102
614
104
616
106
618
108
620
110
622
112
624
114
626
116
628
118
630
120
632
122
634
124
636
126
638
128
640
130
642
132
644
134
646
136
648
138
650
140
652
142
654
144
656
146
658
148
660
150
662
152
664
154
666
156
668
158
670
160
672
162
674
164
676
166
678
168
680
170
682
172
684
174
686
176
688
178
690
180
692
182
694
184
696
186
698
188
700
190
702
192
704
194
706
196
708
198
710
200
712
202
714
204
716
206
718
208
720
210
722
212
724
214
726
216
728
218
730
220
732
222
734
224
736
226
738
228
740
230
742
232
744
234
746
236
748
238
750
240
752
242
754
244
756
246
758
248
760
250
762
252
764
254
766
256
768
258
770
260
772
262
774
264
776
266
778
268
780
270
782
272
784
274
786
276
788
278
790
280
792
282
794
284
796
286
798
288
800
290
802
292
804
294
806
296
808
298
810
300
812
302
814
304
816
306
818
308
820
310
822
312
824
314
826
316
828
318
830
320
832
322
834
324
836
326
838
328
840
330
842
332
844
334
846
336
848
338
850
340
852
342
854
344
856
346
858
348
860
350
862
352
864
354
866
356
868
358
870
360
872
362
874
364
876
366
878
368
880
370
882
372
884
374
886
376
888
378
890
380
892
382
894
384
896
386
898
388
900
390
902
392
904
394
906
396
908
398
910
400
912
402
914
404
916
406
918
408
920
410
922
412
924
414
926
416
928
418
930
420
932
422
934
424
936
426
938
428
940
430
942
432
944
434
946
436
948
438
950
440
952
442
954
444
956
446
958
448
960
450
962
452
964
454
966
456
968
458
970
460
972
462
974
464
976
466
978
468
980
470
982
472
984
474
986
476
988
478
990
480
992
482
994
484
996
486
998
488
1000
490
1002
492
1004
494
1006
496
1008
498
1010
500
1012
502
1014
504
1016
506
1018
508
1020
510
